897
0	40	179	0	0	100000
1	56	105	11	321	2554
2	89	60	8	257	1759
3	118	186	20	1016	5192
4	43	75	24	5725	8828
5	86	38	12	4567	8564
6	149	119	13	7850	12929
7	146	93	14	2236	5813
8	22	109	8	3402	5904
9	52	121	16	694	1894
10	99	120	24	2655	4732
11	194	38	19	3560	6572
12	37	198	3	10361	14908
13	145	104	4	2021	3967
14	16	84	3	2228	5087
15	90	95	19	8659	13730
16	88	75	22	751	2642
17	120	154	3	182	4720
18	142	98	13	11209	14535
19	31	62	19	8208	10352
20	135	8	8	8676	11640
21	173	32	11	1774	6748
22	154	165	15	554	3837
23	173	93	15	83	3435
24	67	66	22	88	1627
25	45	169	13	4325	7259
26	125	78	22	661	4498
27	89	167	16	4261	8514
28	21	48	6	8266	10694
29	51	100	15	1750	4263
30	15	63	22	5426	8673
31	140	15	24	2194	5862
32	168	16	14	3717	8348
33	167	23	23	11711	14418
34	130	93	12	249	1513
35	9	11	8	6381	10294
36	75	195	7	5745	9219
37	80	1	14	5441	8716
38	67	54	10	5657	9605
39	105	11	4	562	3167
40	186	191	20	7950	11110
41	42	199	20	429	2583
42	41	167	24	2728	7895
43	166	43	16	353	3373
44	174	73	14	1664	4102
45	61	48	6	4487	6989
46	44	156	22	1828	6798
47	152	162	11	10715	12576
48	177	15	11	5404	8422
49	165	121	13	7872	11000
50	57	57	5	815	4177
51	192	176	26	7064	10616
52	140	71	24	5267	9927
53	173	95	10	10952	15157
54	85	64	24	110	3720
55	129	197	3	5797	9399
56	136	100	15	6346	9578
57	105	3	19	9485	13382
58	171	138	25	45	3530
59	34	38	4	989	5157
60	55	47	5	530	4448
61	108	178	21	5552	7377
62	157	25	19	11131	15986
63	188	136	14	2398	5194
64	25	116	7	122	2756
65	156	83	18	1835	3517
66	109	5	19	8260	12507
67	139	16	25	5165	8717
68	100	90	7	1302	5900
69	130	187	25	1000	3135
70	86	75	27	5474	8771
71	68	106	14	7626	10245
72	86	120	22	3170	6604
73	105	86	24	2541	7100
74	98	114	4	7004	10753
75	30	117	16	5029	6714
76	147	11	8	260	2800
77	103	191	20	7873	11526
78	48	193	24	3100	7738
79	141	96	24	632	3318
80	123	1	24	7705	11921
81	124	193	14	1748	4337
82	110	154	22	5238	8132
83	108	131	8	5995	9383
84	173	192	26	7257	9946
85	137	102	9	274	3531
86	112	6	19	1728	4654
87	98	167	17	293	2726
88	57	36	13	9211	13082
89	183	56	17	2469	4401
90	199	199	14	10812	12909
91	173	161	3	1269	5327
92	138	32	19	38	3999
93	179	114	21	739	3842
94	39	32	10	12680	16103
95	109	84	14	910	2795
96	133	176	18	6328	9592
97	181	145	25	1920	3679
98	41	102	18	4686	7643
99	86	136	16	4714	6878
100	42	18	3	74	2111
101	70	74	19	1999	5680
102	28	52	13	3860	7714
103	110	92	20	421	3716
104	129	94	14	525	3575
105	61	44	26	7845	12455
106	171	29	8	10920	14230
107	82	104	5	3034	7381
108	193	157	6	3991	7596
109	6	36	14	33	2260
110	140	156	3	5256	6818
111	68	79	27	2218	4737
112	190	173	22	7847	10097
113	33	139	27	362	3237
114	90	32	17	7958	10974
115	103	17	4	1485	5199
116	0	10	18	5888	9234
117	10	43	4	3737	6520
118	56	64	15	1946	5925
119	26	200	19	357	2962
120	135	182	23	7720	10759
121	198	151	10	6694	10166
122	145	26	27	101	5336
123	160	15	9	1099	3107
124	50	90	12	2549	7201
125	2	107	27	216	2712
126	113	189	3	6303	8208
127	28	98	26	465	2745
128	196	8	26	3245	6691
129	154	177	23	5326	8193
130	108	77	24	1449	4099
131	68	129	-11	3530	6107
132	1	64	-8	3273	7760
133	175	30	-20	3428	6420
134	87	108	-24	10783	15073
135	200	12	-12	8830	11800
136	9	42	-13	9771	14423
137	119	65	-14	2314	7261
138	133	94	-8	5892	10753
139	47	170	-16	6419	10131
140	93	45	-24	2108	5446
141	45	55	-19	5402	10580
142	91	105	-3	13117	15480
143	116	100	-4	2775	6093
144	69	155	-3	7890	11603
145	64	184	-19	9331	13011
146	26	144	-22	7305	10000
147	123	94	-3	6582	11064
148	93	91	-13	10438	15052
149	96	38	-19	9854	13926
150	199	10	-8	11734	14873
151	35	132	-11	3142	5282
152	137	58	-15	9632	12469
153	14	146	-15	2954	6409
154	68	89	-22	10233	15568
155	173	148	-13	11244	14364
156	26	194	-22	3636	7472
157	167	200	-16	8364	11081
158	104	5	-6	12844	14607
159	151	175	-15	5245	9529
160	101	9	-22	8580	10713
161	9	191	-24	4747	6504
162	183	178	-14	7748	9459
163	181	15	-23	12757	15405
164	97	30	-12	5219	9398
165	26	143	-8	7879	12379
166	110	79	-7	11750	15238
167	96	118	-14	8452	13142
168	156	16	-10	11381	15347
169	94	64	-4	2584	6071
170	70	164	-20	8339	12636
171	188	102	-20	4376	7908
172	15	72	-24	11143	14046
173	84	122	-16	1539	6942
174	48	81	-14	9960	13617
175	67	10	-6	8648	12315
176	2	70	-22	12538	15342
177	164	89	-11	9235	14092
178	76	41	-11	4819	7244
179	70	4	-13	9525	13102
180	52	147	-5	7695	10363
181	182	9	-26	13185	15725
182	13	73	-24	9797	12980
183	97	7	-10	11980	15164
184	50	196	-24	10123	14223
185	98	195	-3	6115	8983
186	96	52	-15	9609	12340
187	47	16	-19	9276	14346
188	78	76	-25	11996	16352
189	96	89	-4	1766	5101
190	88	30	-5	13286	15738
191	137	99	-21	4668	8240
192	46	102	-19	11444	15263
193	160	147	-14	7250	12376
194	157	30	-7	3885	7203
195	58	2	-18	9286	12453
196	83	73	-19	12172	15311
197	159	131	-25	10811	14562
198	41	184	-7	2868	7493
199	192	18	-25	1784	5621
200	38	136	-27	7861	10783
201	21	164	-14	10621	14160
202	10	104	-22	10270	12337
203	193	187	-24	7604	9731
204	190	145	-4	13087	16552
205	69	138	-16	8899	12088
206	7	28	-8	11353	16763
207	57	107	-20	9306	13272
208	199	39	-24	5154	8383
209	191	104	-24	1	4527
210	115	116	-24	11858	15373
211	152	13	-14	4923	9481
212	116	115	-22	10235	14213
213	26	59	-8	11466	15404
214	78	49	-26	11669	16785
215	98	109	-9	12134	14212
216	174	69	-19	1016	5229
217	120	110	-17	4650	7238
218	142	142	-13	10313	13041
219	1	164	-17	11672	15103
220	49	78	-14	11165	14271
221	188	22	-3	12585	14580
222	168	170	-19	7751	10050
223	190	66	-21	6425	8654
224	155	116	-10	13832	16269
225	85	120	-14	2089	5259
226	193	51	-18	10851	14314
227	123	85	-25	2793	6797
228	113	154	-18	6314	10086
229	77	93	-16	11327	14643
230	32	140	-3	1058	4506
231	105	176	-19	4239	7707
232	104	114	-13	10291	14752
233	155	53	-20	1145	4731
234	61	13	-14	12902	16647
235	100	4	-26	11145	14903
236	176	104	-8	14057	16708
237	10	32	-5	5341	9288
238	190	59	-6	11560	14369
239	167	92	-14	3854	7266
240	148	198	-3	7193	10871
241	9	0	-27	8160	10348
242	8	85	-22	10064	14791
243	88	126	-27	1915	6502
244	176	23	-17	12303	16832
245	0	94	-4	7407	11749
246	92	153	-18	9933	14261
247	121	8	-4	12190	16665
248	154	33	-15	3376	7612
249	109	26	-19	5343	7548
250	190	48	-23	8196	12357
251	12	113	-10	11096	15129
252	194	35	-27	5188	8207
253	27	196	-9	893	3642
254	126	115	-12	6623	9876
255	81	131	-27	9706	12806
256	116	93	-3	12307	13780
257	120	32	-26	1009	3263
258	171	25	-26	2657	4845
259	93	199	-23	5458	10903
260	134	101	-24	7227	10611
