828
0	40	179	0	0	100000
1	56	105	11	5843	10733
2	89	60	8	0	3056
3	118	186	20	11050	13626
4	43	75	24	90	3125
5	86	38	12	5952	8295
6	149	119	13	756	2611
7	146	93	14	1660	4584
8	22	109	8	6870	10709
9	52	121	16	1215	3159
10	99	120	24	5682	9143
11	194	38	19	1458	3441
12	37	198	3	677	3088
13	145	104	4	4088	7562
14	16	84	3	1495	5969
15	90	95	19	6360	9280
16	88	75	22	26	711
17	120	154	3	6544	9344
18	142	98	13	4415	7011
19	31	62	19	2135	3777
20	135	8	8	130	2813
21	173	32	11	9142	11638
22	154	165	15	3750	7970
23	173	93	15	4947	8531
24	67	66	22	7014	9574
25	45	169	13	792	5780
26	125	78	22	628	4783
27	89	167	16	66	4470
28	21	48	6	2702	4499
29	51	100	15	8086	9386
30	15	63	22	10735	12845
31	140	15	24	750	3948
32	168	16	14	178	3078
33	167	23	23	1200	4528
34	130	93	12	26	3922
35	9	11	8	1482	5033
36	75	195	7	4807	6595
37	80	1	14	1111	3551
38	67	54	10	6742	10425
39	105	11	4	243	3061
40	186	191	20	3590	7431
41	42	199	20	601	2127
42	41	167	24	625	4710
43	166	43	16	4176	8676
44	174	73	14	397	5251
45	61	48	6	1344	3897
46	44	156	22	6048	9918
47	152	162	11	1070	2714
48	177	15	11	8149	12521
49	165	121	13	4483	8352
50	57	57	5	68	881
51	192	176	26	8487	10590
52	140	71	24	3711	8526
53	173	95	10	2425	5741
54	85	64	24	99	1168
55	129	197	3	6647	9982
56	136	100	15	5406	7736
57	105	3	19	9904	13336
58	171	138	25	5083	8641
59	34	38	4	460	2297
60	55	47	5	217	3521
61	108	178	21	5767	8696
62	157	25	19	530	2536
63	188	136	14	3628	8203
64	25	116	7	42	2271
65	156	83	18	348	4143
66	109	5	19	202	1888
67	139	16	25	3902	6072
68	100	90	7	89	3243
69	130	187	25	2410	5549
70	86	75	27	371	2434
71	68	106	14	2631	4783
72	86	120	22	5717	10875
73	105	86	24	1313	2506
74	98	114	4	5688	9404
75	30	117	16	1000	3201
76	147	11	8	110	4718
77	103	191	20	3986	7510
78	48	193	24	2324	6921
79	141	96	24	3888	7629
80	123	1	24	1475	4949
81	124	193	14	4964	7947
82	110	154	22	957	4493
83	108	131	8	8738	10112
84	173	192	26	4137	7469
85	137	102	9	913	3369
86	112	6	19	5838	7994
87	98	167	17	1156	4682
88	57	36	13	861	3635
89	183	56	17	5312	7915
90	199	199	14	7520	11518
91	173	161	3	4992	7612
92	138	32	19	9494	12290
93	179	114	21	3717	8254
94	39	32	10	100	3163
95	109	84	14	1431	4564
96	133	176	18	4273	7632
97	181	145	25	4279	8420
98	41	102	18	1503	5103
99	86	136	16	1694	2929
100	42	18	3	3101	6538
101	70	74	19	160	1878
102	28	52	13	1706	3924
103	110	92	20	5407	7549
104	129	94	14	9517	12326
105	61	44	26	319	2333
106	171	29	8	859	5077
107	82	104	5	29	3750
108	193	157	6	5118	7226
109	6	36	14	504	3324
110	140	156	3	694	3970
111	68	79	27	1720	3212
112	190	173	22	5566	8235
113	33	139	27	2	1080
114	90	32	17	5072	10235
115	103	17	4	1091	3757
116	0	10	18	53	1654
117	10	43	4	1138	5936
118	56	64	15	258	2434
119	26	200	19	1699	5187
120	135	182	23	2743	5889
121	198	151	-11	8569	10152
122	62	145	-8	8688	13198
123	26	200	-20	10163	13557
124	160	15	-24	3512	6795
125	53	50	-12	6252	9318
126	90	72	-13	9983	11720
127	2	107	-14	9767	13457
128	198	113	-8	10667	12850
129	189	3	-16	299	3780
130	28	98	-24	8390	10254
131	190	196	-19	9976	13553
132	8	188	-3	3137	7198
133	154	177	-4	10191	14531
134	164	108	-3	4081	6857
135	77	171	-19	8732	11096
136	68	129	-22	510	4120
137	1	64	-3	7647	12212
138	175	30	-13	5363	9036
139	87	108	-19	1768	5941
140	200	12	-8	5093	8870
141	9	42	-11	11593	14639
142	119	65	-15	10007	12746
143	133	94	-15	9264	12147
144	47	170	-22	11513	14920
145	93	45	-13	1991	7177
146	45	55	-22	2308	6483
147	91	105	-16	1295	4919
148	116	100	-6	5420	8735
149	69	155	-15	6840	11127
150	64	184	-22	10241	12494
151	26	144	-24	2033	4012
152	123	94	-14	4489	7548
153	93	91	-23	2927	5301
154	96	38	-12	4749	7891
155	199	10	-8	1914	6863
156	35	132	-7	10960	13382
157	137	58	-14	10034	12511
158	14	146	-10	8828	10826
159	68	89	-4	6636	9034
160	173	148	-20	7904	10449
161	26	194	-20	11793	15061
162	167	200	-24	5402	8321
163	104	5	-16	9460	12253
164	151	175	-14	2224	5629
165	101	9	-6	2649	6874
166	9	191	-22	10153	13177
167	183	178	-11	3523	8180
168	181	15	-11	8167	12647
169	97	30	-13	5115	8974
170	26	143	-5	11997	14114
171	110	79	-26	9164	12743
172	96	118	-24	6258	9895
173	156	16	-10	5090	8252
174	94	64	-24	9611	14020
175	70	164	-3	11669	15188
176	188	102	-15	7452	10504
177	15	72	-19	10919	14054
178	84	122	-25	6669	9815
179	48	81	-4	6156	9702
180	67	10	-5	4001	7475
181	2	70	-21	7977	9848
182	164	89	-19	893	3794
183	76	41	-14	9436	13303
184	70	4	-7	973	2273
185	52	147	-18	9963	13072
186	182	9	-19	2257	5907
187	13	73	-25	8083	11981
188	97	7	-7	8520	11849
189	50	196	-25	6476	10578
190	98	195	-27	3421	7930
191	96	52	-14	9312	12969
192	47	16	-22	6435	9987
193	78	76	-24	5650	10654
194	96	89	-4	5966	10281
195	88	30	-16	2728	5213
196	137	99	-8	1490	3805
197	46	102	-20	5999	10629
198	160	147	-24	5076	6755
199	157	30	-24	5186	9856
200	58	2	-24	3536	7022
201	83	73	-14	5882	7819
202	159	131	-22	4463	6898
203	41	184	-8	9205	13587
204	192	18	-26	4061	9158
205	38	136	-9	8163	11804
206	21	164	-19	10909	13371
207	10	104	-17	6559	9598
208	193	187	-13	7444	11878
209	190	145	-17	8048	9916
210	69	138	-14	8977	13677
211	7	28	-3	7713	11186
212	57	107	-19	12143	13455
213	199	39	-21	10171	12864
214	191	104	-10	265	4034
215	115	116	-14	4891	7184
216	152	13	-18	8608	12984
217	116	115	-25	10110	14062
218	26	59	-18	8145	10841
219	78	49	-16	3869	6522
220	98	109	-3	9713	13325
221	174	69	-19	104	3512
222	120	110	-13	7964	11380
223	142	142	-20	4588	8253
224	1	164	-14	11793	13182
225	49	78	-26	9607	12094
226	188	22	-8	7961	11921
227	168	170	-5	8027	10483
228	190	66	-6	10098	12258
229	155	116	-14	5753	7777
230	85	120	-3	3128	5497
231	193	51	-27	1182	3479
232	123	85	-22	9067	13140
233	113	154	-27	4831	8102
234	77	93	-17	9246	12684
235	32	140	-4	14	3887
236	105	176	-18	4467	6678
237	104	114	-4	5664	9868
238	155	53	-15	16	4163
239	61	13	-19	2966	6485
240	100	4	-23	5622	8442
